          -1            0
       -0.75          0.5
        -0.5            1
       -0.25          1.5
           0            2
           0           -1
         0.5        -0.75
           1         -0.5
         1.5        -0.25
           2            0
           0            0
           0    0.0526316
           0     0.105263
           0     0.157895
           0     0.210526
           0     0.263158
           0     0.315789
           0     0.368421
           0     0.421053
           0     0.473684
           0     0.526316
           0     0.578947
           0     0.631579
           0     0.684211
           0     0.736842
           0     0.789474
           0     0.842105
           0     0.894737
           0     0.947368
           0            1
           0            1
   0.0526316            1
    0.105263            1
    0.157895            1
    0.210526            1
    0.263158            1
    0.315789            1
    0.368421            1
    0.421053            1
    0.473684            1
    0.526316            1
    0.578947            1
    0.631579            1
    0.684211            1
    0.736842            1
    0.789474            1
    0.842105            1
    0.894737            1
    0.947368            1
           1            1
           1            1
           1     0.947368
           1     0.894737
           1     0.842105
           1     0.789474
           1     0.736842
           1     0.684211
           1     0.631579
           1     0.578947
           1     0.526316
           1     0.473684
           1     0.421053
           1     0.368421
           1     0.315789
           1     0.263158
           1     0.210526
           1     0.157895
           1     0.105263
           1    0.0526316
           1  5.55112e-16
           1            0
    0.947368            0
    0.894737            0
    0.842105            0
    0.789474            0
    0.736842            0
    0.684211            0
    0.631579            0
    0.578947            0
    0.526316            0
    0.473684            0
    0.421053            0
    0.368421            0
    0.315789            0
    0.263158            0
    0.210526            0
    0.157895            0
    0.105263            0
   0.0526316            0
 5.55112e-16            0
